%% 필살기 로봇 파라미터
d  = 0.045; % m
ms = 5.16; % kg
I2 = 0.052675; % kg
I3 = 0.003483; % kg
L  = 0.175; % m
R  = 0.065; % m
mc = 0.3; % kg
g  = 9.81; % m/